








9,5,999,0,2||10,5,999,0,2||11,5,999,0,2
999,7,999,1,3

















9,7,999,1,3||10,7,999,1,3||11,7,999,1,3||9,12,999,1,1||10,12,999,1,1||11,12,999,1,1








































































































































999,8,999,2,1






















































































































9,27,999,4,6||10,27,999,4,6||11,27,999,4,6









































































42,7,999,0,3





































































9,12,999,5,1||10,12,999,5,1||11,12,999,5,1






9,5,3,0,1||10,5,3,0,1||11,5,3,0,1||9,7,999,1,3||10,7,999,1,3||11,7,999,1,3









9-10-11,23,999,1,6||9-10-11,8,999,6,5||9-10-11,26,999,6,6

9,12,999,1,1||10,12,999,1,1||11,12,999,1,1














